bb-tolx = 0.000001
opt-tol = 0.00001